3
8
11
15
17
18
20
25
26
28
30
32
33
36
44
46
47
48
52
56
57
58
62
68
73
76
77
78
79
81
83
89
96
97
102
103
104
106
108
110
111
113
115
116
117
118
121
123
125
126
127
128
129
133
135
137
138
143
148
152
155
156
157
160
165
166
167
171
173
175
178
180
181
184
185
187
189
191
197
199
201
205
206
208
209
211
213
215
216
217
223
225
227
232
238
239
240
241
244
248
252
253
255
256
257
262
263
267
268
269
270
271
273
274
275
281
282
283
285
288
289
290
294
295
299
304
305
310
311
312
313
316
325
329
330
331
333
334
338
341
344
345
348
350
353
357
358
359
360
361
363
367
368
371
375
378
381
383
384
385
387
391
393
394
395
397
398
400
401
405
406
409
413
414
416
420
422
424
425
426
429
430
431
432
433
436
437
438
439
441
442
443
445
451
452
454
456
457
459
462
463
467
468
471
473
474
475
477
479
482
483
485
486
488
489
490
492
494
497
499
501
503
504
505
507
511
516
517
518
522
524
527
528
532
533
534
535
545
548
550
551
554
555
560
561
563
564
566
569
571
572
575
576
577
579
580
585
586
588
593
595
596
599
600
601
602
607
615
617
619
621
624
629
631
632
633
634
636
637
638
643
645
646
647
650
652
655
657
658
659
660
661
662
667
668
670
671
672
673
674
677
681
682
685
686
689
690
691
692
693
694
696
697
700
705
707
708
709
711
716
717
718
720
722
723
724
725
730
732
733
734
744
746
750
751
752
754
758
759
760
761
763
764
774
776
777
780
781
788
789
794
796
798
799
802
804
805
806
807
808
809
811
817
818
819
822
824
825
829
831
832
833
834
840
843
847
849
850
851
857
859
862
865
866
872
873
880
883
884
886
889
893
894
896
897
898
900
906
907
908
911
912
918
919
922
928
935
937
940
942
943
948
949
951
952
953
954
955
961
962
963
964
965
967
971
974
978
980
982
984
985
986
988
989
990
992
993
994
996
997
1001
1004
1008
1009
1011
1012
1015
1017
1020
1021
1023
1024
1026
1027
1031
1032
1035
1036
1039
1041
1042
1043
1044
1046
1047
1050
1060
1062
1066
1067
1068
1069
1073
1074
1075
1080
1084
1086
1087
1089
1092
1094
1096
1098
1100
1101
1102
1103
1104
1105
1110
1111
1116
1120
1121
1123
1126
1129
1130
1132
1134
1138
1140
1141
1142
1144
1145
1148
1149
1151
1155
1157
1160
1163
1165
1170
1172
1173
1174
1175
1176
1179
1180
1185
1191
1194
1195
1200
1201
1202
1203
1207
1208
1214
1216
1217
1220
1221
1222
1224
1226
1228
1229
1231
1234
1236
1238
1240
1244
1245
1249
1250
1252
1254
1255
1256
1259
1260
1264
1267
1277
1289
1291
1293
1295
1296
1297
1298
1299
1300
1304
1305
1306
1307
1314
1315
1317
1318
1321
1324
1326
1329
1335
1336
1346
1357
1358
1359
1360
1364
1365
1366
1367
1370
1372
1373
1374
1375
1381
1384
1389
1391
1392
1394
1395
1399
1401
1402
1406
1408
1409
1412
1418
1420
1421
1424
1425
1428
1432
1434
1435
1441
1443
1444
1450
1455
1457
1460
1461
1466
1467
1470
1471
1476
1479
1481
1482
1485
1488
1491
1495
1499
1500
1502
1507
1508
1509
1513
1518
1521
1523
1524
1525
1528
1530
1532
1535
1542
1543
1547
1553
1558
1560
1561
1563
1566
1571
1572
1578
1582
1585
1589
1590
1595
1599
1600
1601
1602
1604
1606
1607
1610
1612
1615
1616
1618
1622
1625
1627
1629
1630
1632
1633
1634
1637
1638
1642
1645
1646
1648
1650
1652
1655
1658
1659
1660
1661
1664
1665
1666
1668
1672
1673
1679
1682
1683
1685
1686
1687
1689
1692
1693
1694
1699
1700
1702
1703
1704
1707
1708
1709
1710
1712
1716
1717
1719
1720
1721
1722
1728
1730
1732
1734
1735
1739
1741
1743
1744
1746
1748
1749
1752
1754
1756
1757
1759
1760
1761
1765
1766
1769
1770
1771
1773
1783
1787
1788
1789
1790
1792
1793
1794
1795
1797
1798
1799
1800
1801
1802
1803
1804
1810
1814
1816
1817
1819
1821
1827
1830
1832
1833
1837
1839
1843
1844
1845
1848
1853
1854
1856
1857
1860
1861
1862
1865
1867
1869
1874
1877
1878
1882
1884
1885
1890
1892
1898
1901
1902
1905
1907
1909
1911
1912
1913
1915
1917
1918
1923
1925
1939
1946
1947
1955
1956
1959
1960
1961
1962
1969
1971
1972
1974
1975
1976
1978
1983
1990
1994
1998
2000
2001
2009
2010
2012
2015
2016
2017
2018
2020
2021
2023
2025
2026
2028
2031
2033
2037
2040
2043
2045
2047
2048
2051
2054
2055
2056
2057
2059
2062
2067
2069
2072
2077
2078
2079
2080
2085
2086
2091
2094
2095
2096
2098
2100
2101
2102
2103
2104
2105
2106
2109
2111
2112
2113
2114
2115
2116
2119
2120
2122
2127
2128
2129
2132
2135
2136
2139
2140
2144
2149
2150
2151
2152
2153
2158
2160
2161
2162
2163
2165
2167
2168
2169
2171
2172
2173
2174
2175
2176
2177
2178
2180
2181
2182
2186
2188
2189
2192
2195
2199
2200
2203
2206
2209
2212
2213
2214
2218
2222
2223
2228
2235
2238
2243
2251
2252
2254
2256
2262
2264
2266
2267
2268
2273
2275
2279
2280
2284
2285
2288
2289
2290
2299
2300
2302
2304
2306
2310
2312
2314
2315
2316
2317
2319
2325
2326
2328
2329
2331
2332
2335
2338
2339
2340
2342
2344
2346
2348
2350
2352
2356
2359
2360
2362
2364
2365
2370
2371
2372
2375
2376
2379
2380
2385
2386
2388
2389
2391
2394
2395
2398
2400
2403
2405
2408
2409
2410
2413
2414
2417
2418
2422
2423
2430
2431
2433
2440
2441
2443
2446
2447
2448
2450
2452
2454
2455
2456
2457
2460
2462
2464
2465
2467
2470
2471
2474
2475
2476
2478
2479
2482
2486
2493
2495
2498
2499
2500
2505
2512
2513
2515
2517
2518
2519
2520
2522
2523
2525
2526
2528
2529
2532
2533
2539
2548
2551
2552
2554
2558
2561
2566
2568
2572
2574
2575
2577
2578
2580
2585
2590
2591
2594
2595
2599
2601
2603
2609
2610
2612
2613
2617
2619
2622
2625
2628
2629
2638
2640
2641
2642
2643
2644
2647
2651
2653
2654
2659
2660
2662
2668
2674
2675
2678
2680
2684
2686
2688
2690
2691
2692
2694
2696
2697
2698
2699
2701
2705
2707
2711
2712
2713
2716
2724
2726
2727
2731
2734
2735
2740
2743
2749
2751
2753
2754
2755
2756
2757
2762
2769
2771
2772
2773
2775
2776
2778
2779
2780
2782
2783
2788
2789
2791
2794
2795
2796
2798
2799
2800
2801
2803
2804
2806
2809
2811
2812
2813
2823
2828
2831
2834
2844
2847
2848
2849
2851
2852
2857
2861
2862
2865
2866
2867
2868
2870
2872
2873
2874
2875
2876
2878
2880
2882
2883
2884
2885
2890
2892
2893
2895
2896
2897
2898
2899
2900
2903
2905
2908
2910
2912
2913
2916
2920
2921
2922
2927
2933
2937
2938
2940
2942
2944
2953
2954
2955
2960
2962
2965
2967
2974
2975
2977
2980
2981
2985
2986
2988
2989
2991
2992
2994
3003
3009
3010
3011
3012
3013
3015
3017
3020
3021
3023
3025
3026
3029
3030
3035
3039
3046
3047
3049
3051
3054
3058
3062
3065
3068
3071
3073
3078
3079
3081
3082
3084
3085
3086
3090
3093
3095
3098
3099
3102
3105
3106
3107
3112
3113
3115
3116
3120
3123
3124
3126
3128
3134
3135
3138
3142
3147
3148
3150
3151
3153
3154
3155
3159
3160
3161
3163
3165
3168
3170
3172
3174
3175
3181
3182
3183
3184
3190
3191
3192
3195
3197
3198
3207
3209
3210
3212
3216
3220
3222
3223
3224
3225
3226
3228
3229
3232
3237
3239
3240
3242
3248
3250
3253
3254
3256
3262
3264
3265
3266
3267
3269
3270
3272
3274
3275
3276
3279
3282
3283
3285
3287
3289
3290
3301
3305
3306
3309
3310
3312
3313
3314
3315
3317
3320
3321
3323
3324
3326
3331
3332
3333
3334
3336
3338
3342
3347
3348
3350
3352
3354
3355
3356
3358
3364
3367
3368
3369
3371
3376
3379
3385
3390
3391
3394
3397
3398
3402
3403
3404
3408
3414
3415
3416
3418
3419
3420
3421
3422
3423
3425
3426
3427
3430
3432
3433
3434
3437
3438
3439
3441
3444
3446
3449
3451
3453
3455
3456
3462
3463
3466
3469
3470
3471
3475
3476
3478
3482
3485
3486
3487
3489
3491
3492
3495
3496
3500
3503
3505
3506
3507
3508
3509
3510
3511
3512
3513
3515
3516
3517
3520
3521
3522
3523
3524
3525
3526
3527
3529
3532
3533
3535
3538
3541
3542
3544
3546
3551
3554
3557
3559
3563
3567
3570
3571
3573
3579
3581
3582
3583
3588
3590
3591
3593
3595
3599
3605
3608
3610
3611
3612
3613
3615
3617
3622
3623
3624
3625
3626
3628
3631
3638
3640
3642
3643
3647
3648
3649
3650
3659
3662
3665
3668
3670
3672
3673
3675
3679
3680
3684
3685
3686
3688
3689
3690
3699
3701
3703
3708
3710
3713
3714
3715
3716
3718
3725
3728
3729
3730
3733
3734
3736
3737
3739
3740
3741
3742
3743
3747
3749
3751
3756
3758
3762
3765
3766
3767
3769
3775
3777
3778
3781
3782
3784
3787
3789
3794
3796
3798
3801
3804
3807
3809
3811
3812
3814
3816
3817
3819
3822
3824
3825
3826
3828
3830
3835
3840
3841
3842
3847
3858
3859
3860
3862
3864
3867
3870
3872
3875
3879
3880
3881
3882
3888
3890
3893
3894
3896
3900
3903
3905
3907
3909
3910
3913
3915
3917
3920
3921
3923
3925
3926
3927
3928
3932
3934
3935
3936
3938
3942
3946
3950
3951
3953
3954
3955
3957
3958
3960
3962
3965
3966
3968
3969
3972
3974
3977
3984
3986
3987
3988
3990
3993
3998
3999
4004
4005
4007
4010
4011
4012
4013
4014
4026
4027
4028
4031
4033
4040
4041
4042
4043
4045
4048
4049
4050
4051
4054
4055
4056
4060
4066
4069
4072
4074
4078
4080
4085
4088
4089
4092
4095
4097
4098
4100
4103
4109
4114
4115
4118
4119
4123
4127
4128
4133
4135
4136
4138
4139
4141
4144
4145
4147
4149
4150
4155
4157
4159
4163
4164
4166
4168
4171
4177
4178
4179
4185
4187
4189
4192
4194
4196
4197
4198
4201
4207
4210
4214
4216
4218
4219
4221
4225
4227
4229
4233
4237
4238
4247
4248
4249
4253
4254
4256
4259
4260
4262
4265
4266
4267
4268
4269
4271
4273
4282
4283
4284
4285
4286
4287
4288
4289
4298
4299
4302
4306
4308
4315
4317
4320
4321
4323
4327
4328
4330
4331
4339
4341
4342
4345
4347
4350
4352
4353
4355
4356
4357
4360
4364
4366
4367
4369
4370
4372
4373
4374
4380
4381
4383
4384
4385
4386
4389
4390
4392
4393
4396
4398
4402
4405
4411
4415
4418
4419
4420
4426
4427
4428
4429
4432
4438
4441
4442
4444
4450
4454
4463
4465
4470
4472
4474
4479
4484
4485
4488
4489
4490
4492
4493
4495
4496
4506
4507
4508
4509
4511
4512
4515
4517
4519
4520
4521
4522
4524
4525
4527
4528
4529
4531
4533
4543
4545
4546
4547
4549
4552
4553
4557
4559
4561
4565
4566
4567
4568
4569
4570
4577
4579
4581
4582
4583
4586
4587
4590
4591
4592
4594
4595
4596
4598
4599
4600
4606
4607
4608
4612
4613
4623
4626
4627
4628
4629
4633
4634
4636
4639
4640
4641
4642
4643
4647
4649
4651
4652
4653
4654
4656
4658
4660
4661
4663
4666
4669
4670
4671
4677
4678
4679
4680
4682
4683
4684
4685
4686
4688
4690
4691
4692
4695
4696
4697
4698
4699
4701
4704
4705
4706
4709
4710
4712
4715
4717
4719
4721
4725
4727
4730
4733
4736
4738
4739
4740
4745
4747
4751
4752
4753
4754
4757
4758
4761
4765
4766
4772
4773
4774
4775
4776
4777
4778
4779
4781
4784
4785
4786
4789
4790
4798
4799
4801
4805
4808
4810
4812
4815
4816
4820
4821
4823
4824
4829
4830
4831
4833
4836
4840
4841
4843
4845
4847
4849
4851
4852
4854
4855
4857
4862
4865
4866
4867
4869
4870
4874
4876
4877
4878
4881
4883
4884
4886
4888
4890
4894
4898
4901
4902
4904
4906
4909
4910
4912
4914
4916
4918
4919
4923
4924
4926
4930
4931
4932
4936
4940
4943
4944
4947
4948
4949
4951
4953
4956
4959
4960
4966
4968
4970
4972
4977
4978
4979
4983
4985
4988
4990
4991
4993
4995
4996
4999
5000
5004
5005
5007
5009
5010
5014
5015
5016
5018
5020
5024
5025
5026
5030
5033
5035
5040
5041
5042
5043
5045
5047
5050
5052
5054
5055
5056
5058
5059
5063
5064
5066
5067
5069
5071
5072
5073
5075
5076
5084
5085
5087
5092
5093
5094
5095
5099
5103
5104
5105
5107
5110
5111
5112
5116
5118
5121
5125
5128
5135
5137
5139
5140
5141
5143
5145
5146
5149
5151
5152
5154
5156
5158
5162
5164
5166
5169
5174
5179
5181
5185
5187
5188
5189
5190
5191
5198
5199
5202
5204
5205
5206
5212
5214
5215
5220
5221
5222
5223
5224
5226
5227
5230
5231
5232
5234
5235
5236
5237
5239
5240
5243
5245
5250
5253
5254
5255
5257
5258
5266
5268
5272
5277
5280
5283
5284
5285
5287
5289
5290
5292
5293
5294
5296
5297
5298
5302
5304
5305
5308
5309
5314
5315
5317
5318
5319
5320
5323
5325
5326
5327
5328
5330
5333
5334
5338
5341
5342
5343
5344
5345
5351
5355
5356
5359
5360
5361
5363
5367
5368
5369
5374
5384
5387
5388
5389
5390
5391
5394
5395
5400
5401
5402
5405
5406
5408
5413
5414
5417
5419
5421
5425
5430
5432
5434
5435
5439
5444
5445
5448
5455
5462
5463
5467
5468
5471
5472
5474
5477
5481
5485
5488
5493
5496
5497
5498
5503
5504
5506
5507
5508
5509
5510
5511
5513
5515
5516
5517
5518
5519
5522
5523
5524
5525
5528
5529
5530
5532
5534
5538
5539
5543
5544
5545
5549
5554
5556
5558
5559
5560
5561
5562
5563
5564
5569
5571
5577
5579
5582
5587
5588
5589
5591
5598
5601
5602
5606
5607
5608
5609
5610
5612
5614
5616
5617
5621
5625
5627
5628
5629
5630
5633
5636
5638
5639
5642
5646
5647
5650
5651
5652
5653
5655
5656
5657
5658
5659
5662
5663
5665
5666
5667
5670
5671
5672
5679
5680
5682
5683
5684
5685
5686
5692
5693
5694
5695
5696
5699
5700
5702
5704
5705
5708
5710
5712
5714
5717
5718
5722
5724
5725
5727
5730
5731
5732
5735
5736
5738
5744
5747
5756
5760
5761
5762
5765
5775
5777
5778
5779
5782
5783
5786
5787
5788
5793
5798
5799
5801
5802
5805
5807
5809
5812
5813
5814
5816
5820
5821
5823
5828
5829
5836
5837
5840
5841
5842
5843
5845
5847
5849
5854
5856
5860
5861
5862
5863
5869
5871
5875
5877
5878
5881
5882
5884
5886
5888
5891
5894
5895
5896
5897
5899
5906
5908
5909
5910
5914
5919
5922
5924
5926
5928
5929
5930
5933
5939
5941
5942
5943
5945
5946
5947
5948
5952
5954
5955
5957
5958
5962
5963
5967
5968
5970
5971
5972
5973
5977
5978
5982
5983
5991
5992
5993
5997
6001
6003
6004
6005
6007
6011
6013
6014
6015
6016
6017
6021
6023
6024
6025
6027
6029
6030
6032
6034
6037
6040
6042
6050
6052
6056
6057
6058
6060
6063
6066
6068
6072
6073
6077
6080
6081
6084
6085
6087
6088
6089
6098
6099
6101
6102
6107
6110
6113
6114
6115
6117
6119
6120
6122
6125
6132
6133
6134
6142
6144
6145
6147
6148
6153
6157
6158
6160
6161
6162
6166
6169
6172
6174
6177
6180
6187
6188
6190
6192
6193
6194
6195
6196
6200
6201
6202
6204
6205
6206
6207
6218
6219
6220
6221
6222
6223
6226
6228
6229
6231
6233
6234
6235
6236
6237
6239
6240
6243
6245
6247
6249
6251
6254
6255
6262
6263
6264
6266
6267
6268
6271
6273
6274
6278
6281
6283
6284
6287
6291
6292
6294
6295
6302
6303
6311
6315
6316
6318
6324
6326
6327
6328
6329
6330
6334
6336
6337
6339
6343
6344
6345
6347
6349
6350
6352
6355
6357
6360
6362
6365
6366
6367
6369
6370
6372
6373
6374
6376
6378
6379
6383
6386
6389
6394
6398
6404
6408
6411
6413
6415
6418
6424
6428
6429
6437
6438
6439
6440
6445
6448
6449
6450
6451
6454
6459
6462
6464
6467
6468
6475
6482
6485
6486
6490
6492
6494
6497
6498
6499
6500
6501
6502
6503
6504
6505
6507
6508
6510
6511
6512
6523
6524
6526
6528
6529
6533
6534
6535
6539
6541
6542
6545
6552
6554
6555
6556
6569
6571
6574
6578
6582
6585
6586
6587
6588
6589
6595
6596
6599
6609
6612
6613
6615
6616
6618
6619
6623
6627
6630
6631
6632
6633
6634
6637
6641
6642
6644
6647
6648
6650
6655
6656
6661
6664
6666
6667
6669
6670
6671
6673
6677
6679
6681
6683
6687
6689
6690
6691
6692
6693
6696
6697
6698
6700
6702
6706
6707
6708
6709
6710
6711
6716
6718
6720
6721
6722
6724
6726
6728
6729
6730
6731
6733
6735
6736
6738
6739
6741
6743
6752
6754
6755
6756
6760
6762
6763
6771
6775
6776
6778
6784
6785
6786
6793
6796
6797
6804
6806
6807
6808
6810
6812
6814
6816
6824
6826
6829
6831
6833
6834
6835
6836
6839
6842
6844
6846
6849
6850
6851
6856
6859
6860
6861
6868
6871
6872
6874
6878
6882
6883
6886
6887
6893
6898
6902
6904
6907
6908
6910
6911
6912
6913
6914
6915
6916
6917
6920
6922
6923
6924
6927
6930
6931
6935
6942
6945
6947
6949
6953
6958
6959
6960
6961
6962
6966
6967
6968
6969
6970
6971
6972
6973
6974
6976
6978
6982
6983
6988
6989
6992
6993
6994
7004
7007
7009
7010
7018
7019
7023
7024
7026
7029
7031
7032
7034
7036
7037
7038
7039
7040
7042
7043
7045
7046
7047
7048
7055
7057
7059
7060
7064
7067
7069
7070
7071
7072
7074
7082
7088
7091
7098
7100
7101
7110
7112
7113
7114
7117
7121
7125
7127
7130
7131
7133
7134
7135
7139
7141
7144
7145
7147
7149
7150
7155
7158
7159
7160
7163
7164
7166
7170
7173
7179
7180
7181
7182
7184
7186
7193
7197
7204
7206
7208
7209
7210
7212
7217
7218
7219
7221
7225
7230
7233
7234
7235
7237
7238
7239
7240
7242
7245
7249
7252
7253
7257
7261
7262
7263
7264
7265
7270
7280
7281
7287
7289
7293
7294
7297
7298
7302
7303
7306
7308
7309
7314
7321
7322
7323
7324
7327
7330
7331
7332
7336
7338
7343
7344
7346
7347
7354
7355
7356
7357
7359
7360
7361
7363
7364
7368
7369
7370
7371
7379
7381
7383
7387
7390
7391
7392
7393
7395
7397
7399
7401
7404
7406
7409
7412
7413
7414
7416
7417
7419
7420
7421
7424
7427
7430
7431
7432
7433
7434
7435
7436
7438
7439
7445
7448
7450
7452
7453
7454
7456
7459
7462
7463
7466
7470
7475
7483
7485
7487
7494
7496
7505
7509
7510
7511
7513
7516
7517
7518
7521
7523
7524
7529
7531
7534
7537
7539
7541
7542
7544
7545
7547
7552
7555
7559
7561
7563
7564
7566
7569
7570
7572
7573
7576
7577
7578
7584
7586
7588
7589
7590
7591
7593
7594
7595
7596
7597
7598
7599
7600
7605
7606
7607
7609
7610
7613
7617
7618
7619
7620
7621
7624
7625
7627
7629
7630
7631
7632
7633
7635
7636
7639
7640
7641
7642
7643
7644
7645
7646
7647
7650
7652
7655
7657
7659
7661
7663
7664
7665
7667
7669
7671
7673
7674
7683
7685
7686
7688
7690
7691
7692
7693
7695
7696
7701
7703
7704
7705
7706
7708
7712
7713
7716
7718
7724
7728
7735
7736
7737
7739
7741
7742
7744
7745
7749
7750
7751
7753
7755
7756
7757
7762
7763
7765
7767
7771
7772
7773
7779
7780
7782
7786
7793
7797
7801
7804
7808
7809
7810
7811
7812
7814
7815
7817
7820
7824
7826
7827
7828
7832
7833
7841
7843
7845
7850
7852
7854
7858
7865
7867
7868
7871
7875
7879
7880
7881
7882
7883
7884
7885
7886
7890
7892
7895
7896
7898
7899
7902
7903
7904
7905
7909
7910
7911
7914
7917
7922
7924
7928
7932
7935
7937
7938
7939
7940
7941
7942
7943
7952
7955
7957
7958
7960
7962
7963
7966
7968
7970
7971
7973
7979
7980
7982
7984
7985
7986
7987
7989
7991
7992
7993
7997
7998
8006
8007
8011
8014
8016
8017
8019
8020
8022
8027
8029
8030
8033
8034
8036
8037
8038
8041
8042
8043
8045
8046
8049
8050
8051
8052
8062
8063
8067
8068
8072
8075
8077
8078
8079
8080
8083
8085
8086
8089
8090
8091
8095
8096
8098
8099
8101
8105
8107
8108
8111
8116
8117
8118
8123
8124
8129
8131
8133
8135
8138
8140
8141
8143
8148
8149
8159
8160
8162
8163
8165
8166
8169
8171
8172
8173
8174
8175
8177
8178
8181
8185
8186
8187
8189
8190
8191
8192
8194
8197
8199
8204
8211
8212
8213
8215
8216
8217
8219
8220
8221
8224
8226
8229
8230
8232
8233
8234
8239
8240
8241
8243
8244
8246
8248
8254
8256
8257
8259
8261
8269
8272
8277
8279
8280
8282
8287
8289
8290
8292
8293
8295
8296
8297
8301
8302
8303
8304
8305
8306
8308
8312
8313
8314
8316
8317
8325
8326
8327
8328
8329
8330
8331
8333
8334
8336
8337
8339
8347
8348
8349
8353
8354
8355
8357
8364
8369
8370
8372
8376
8377
8379
8382
8383
8384
8386
8387
8388
8389
8392
8393
8396
8397
8399
8400
8401
8405
8406
8411
8413
8419
8421
8423
8426
8428
8429
8436
8437
8438
8447
8448
8451
8452
8454
8461
8463
8465
8467
8468
8469
8470
8471
8473
8474
8483
8490
8492
8493
8496
8497
8498
8500
8504
8505
8506
8507
8510
8511
8512
8515
8517
8518
8522
8523
8524
8525
8526
8531
8534
8535
8536
8538
8541
8544
8545
8547
8549
8552
8554
8555
8557
8562
8563
8567
8568
8569
8571
8574
8578
8580
8583
8584
8585
8586
8591
8595
8596
8598
8602
8603
8605
8606
8609
8613
8614
8616
8617
8619
8621
8623
8624
8626
8627
8630
8631
8633
8634
8635
8636
8637
8640
8641
8643
8644
8645
8650
8651
8652
8654
8660
8662
8663
8664
8666
8669
8670
8675
8676
8677
8678
8679
8682
8683
8687
8688
8689
8691
8692
8694
8695
8698
8699
8700
8707
8711
8712
8713
8717
8719
8720
8722
8728
8732
8733
8736
8742
8743
8744
8752
8753
8754
8757
8760
8764
8765
8770
8773
8774
8779
8780
8781
8782
8784
8789
8790
8793
8795
8797
8801
8803
8806
8808
8809
8812
8814
8815
8817
8818
8825
8826
8827
8829
8830
8832
8837
8839
8840
8842
8846
8848
8849
8851
8852
8853
8854
8857
8860
8861
8862
8868
8869
8872
8873
8877
8879
8880
8881
8883
8886
8889
8892
8893
8898
8899
8901
8903
8904
8906
8907
8908
8909
8911
8915
8928
8930
8932
8933
8934
8938
8940
8941
8942
8945
8954
8958
8960
8961
8963
8966
8970
8976
8977
8978
8980
8981
8982
8985
8986
8987
8989
8990
8991
8993
8994
8997
8998
9000
9003
9005
9009
9012
9014
9015
9016
9017
9023
9024
9028
9030
9031
9032
9036
9037
9038
9041
9042
9043
9044
9046
9048
9049
9051
9054
9055
9059
9061
9062
9066
9068
9070
9073
9074
9076
9080
9084
9087
9089
9095
9097
9101
9103
9106
9108
9109
9110
9111
9112
9116
9120
9121
9125
9129
9130
9131
9132
9133
9134
9136
9144
9146
9147
9150
9152
9154
9156
9160
9169
9170
9175
9178
9188
9189
9192
9202
9204
9205
9206
9208
9210
9217
9218
9224
9228
9229
9232
9234
9235
9236
9237
9240
9241
9242
9246
9247
9254
9256
9257
9262
9265
9269
9274
9276
9278
9279
9281
9283
9288
9289
9292
9294
9295
9296
9298
9310
9320
9323
9324
9326
9327
9329
9330
9331
9337
9340
9345
9347
9348
9350
9351
9355
9359
9364
9368
9377
9378
9380
9381
9382
9383
9384
9388
9389
9392
9393
9394
9395
9396
9397
9398
9401
9402
9406
9409
9410
9414
9415
9417
9418
9421
9425
9426
9427
9430
9431
9432
9433
9436
9438
9440
9442
9443
9450
9453
9454
9455
9456
9458
9459
9461
9464
9471
9472
9475
9479
9480
9481
9482
9485
9486
9494
9497
9498
9499
9500
9505
9508
9509
9511
9513
9517
9518
9521
9524
9525
9526
9528
9531
9532
9534
9535
9537
9539
9540
9542
9545
9548
9551
9554
9557
9558
9561
9562
9565
9569
9573
9574
9578
9581
9582
9590
9591
9592
9593
9596
9598
9606
9609
9611
9613
9614
9616
9617
9619
9621
9623
9624
9625
9626
9628
9629
9630
9633
9634
9635
9644
9645
9654
9655
9657
9658
9659
9662
9665
9669
9671
9673
9677
9679
9681
9683
9685
9686
9687
9688
9689
9690
9694
9699
9702
9704
9705
9712
9713
9714
9717
9721
9724
9725
9728
9729
9731
9733
9740
9741
9743
9745
9746
9747
9756
9757
9759
9761
9762
9766
9767
9768
9772
9774
9776
9778
9780
9785
9786
9788
9793
9798
9800
9805
9807
9814
9818
9819
9823
9824
9826
9828
9829
9831
9833
9835
9836
9841
9842
9843
9844
9845
9847
9848
9849
9852
9856
9859
9862
9863
9864
9868
9873
9875
9878
9882
9886
9888
9889
9890
9898
9900
9901
9902
9904
9905
9907
9908
9909
9913
9916
9923
9926
9927
9929
9935
9939
9940
9941
9946
9949
9950
9951
9954
9959
9960
9961
9964
9966
9967
9968
9970
9972
9974
9976
9977
9981
9983
9984
9985
9986
9987
9988
9991
9993
9994
9997
10002
10004
10012
10013
10018
10019
10020
10022
10023
10024
10027
10028
10032
10033
10035
10036
10037
10038
10040
10041
10042
10044
10047
10051
10053
10055
10057
10061
10072
10073
10078
10079
10080
10082
10083
10084
10088
10090
10094
10095
10097
10099
10100
10101
10102
10104
10105
10107
10109
10111
10114
10117
10119
10121
10123
10125
10126
10128
10130
10131
10134
10135
10136
10137
10139
10140
10141
10142
10143
10144
10147
10152
10155
10157
10158
10159
10162
10168
10170
10171
10172
10173
10174
10176
10178
10182
10184
10185
10189
10190
10191
10193
10198
10203
10206
10209
10211
10212
10213
10214
10221
10222
10225
10226
10229
10230
10231
10236
10239
10240
10241
10243
10245
10246
10253
10254
10255
10256
10259
10271
10272
10274
10275
10276
10277
10278
10279
10280
10281
10282
10286
10288
10289
10293
10294
10295
10296
10298
10300
10304
10306
10308
10311
10313
10314
10316
10318
10321
10327
10328
10334
10336
10337
10338
10340
10343
10344
10345
10348
10353
10358
10359
10361
10362
10363
10364
10365
10367
10369
10370
10371
10372
10375
10378
10379
10388
10389
10392
10393
10397
10400
10403
10406
10407
10409
10412
10413
10417
10418
10419
10420
10421
10422
10423
10424
10425
10426
10428
10429
10431
10433
10435
10436
10439
10445
10446
10447
10449
10450
10451
10453
10455
10458
10460
10461
10463
10466
10467
10471
10474
10476
10482
10486
10491
10492
10494
10497
10498
10499
10503
10504
10505
10509
10512
10513
10525
10526
10527
10536
10537
10539
10540
10541
10543
10545
10548
10550
10551
10552
10554
10556
10560
10561
10564
10568
10573
10575
10576
10580
10582
10583
10586
10589
10592
10593
10596
10598
10603
10604
10606
10607
10608
10609
10611
10612
10613
10614
10615
10617
10619
10620
10621
10622
10623
10625
10627
10630
10633
10635
10636
10637
10639
10641
10643
10644
10645
10646
10654
10655
10661
10662
10664
10666
10668
10669
10673
10678
10679
10680
10682
10683
10686
10688
10692
10695
10696
10697
10702
10704
10712
10720
10722
10724
10729
10730
10732
10733
10734
10736
10739
10741
10742
10744
10746
10747
10748
10749
10750
10757
10758
10759
10760
10761
10764
10767
10771
10773
10774
10775
10778
10781
10785
10786
10792
10797
10800
10802
10806
10808
10809
10814
10820
10822
10824
10825
10827
10828
10830
10832
10833
10835
10844
10846
10847
10848
10851
10852
10854
10858
10860
10861
10863
10866
10868
10871
10872
10877
10880
10881
10883
10886
10887
10889
10890
10892
10893
10894
10895
10899
10903
10906
10907
10910
10912
10914
10915
10920
10921
10926
10928
10935
10939
10944
10945
10947
10951
10955
10957
10960
10961
10962
10964
10967
10970
10977
10979
10981
10982
10986
10988
10989
10991
10996
11004
11005
11010
11013
11022
11025
11026
11029
11030
11032
11038
11040
11042
11043
11045
11046
11047
11050
11051
11052
11057
11060
11061
11062
11064
11065
11068
11071
11075
11077
11078
11080
11084
11085
11088
11089
11090
11096
11097
11099
11101
11105
11108
11109
11110
11111
11113
11114
11118
11119
11121
11123
11125
11126
11132
11134
11135
11137
11139
11141
11142
11149
11150
11152
11153
11155
11156
11160
11161
11164
11165
11166
11167
11168
11170
11171
11172
11173
11176
11182
11183
11185
11186
11187
11191
11192
11198
11199
11202
11204
11205
11206
11209
11210
11211
11213
11214
11217
11218
11219
11220
11221
11222
11225
11227
11233
11234
11236
11237
11240
11242
11245
11248
11251
11252
11254
11256
11259
11262
11263
11264
11265
11266
11271
11273
11276
11277
11279
11281
11282
11283
11285
11286
11287
11289
11290
11292
11295
11301
11302
11303
11305
11307
11311
11313
11314
11315
11317
11320
11323
11324
11325
11326
11328
11332
11334
11337
11347
11352
11354
11356
11364
11369
11370
11372
11376
11378
11383
11385
11388
11390
11391
11394
11398
11399
11400
11401
11402
11405
11406
11412
11415
11416
11421
11423
11426
11427
11434
11435
11437
11442
11443
11446
11451
11455
11456
11459
11464
11467
11468
11469
11478
11479
11480
11483
11485
11489
11490
11495
11496
11503
11507
11508
11512
11513
11514
11518
11521
11522
11523
11525
11526
11531
11533
11535
11537
11544
11549
11551
11552
11554
11555
11559
11571
11573
11575
11576
11577
11579
11582
11585
11588
11590
11593
11597
11604
11607
11608
11612
11613
11614
11615
11617
11618
11620
11623
11624
11630
11635
11638
11639
11641
11644
11647
11650
11651
11652
11658
11660
11661
11662
11663
11669
11671
11673
11674
11677
11678
11679
11683
11687
11688
11689
11696
11697
11701
11702
11707
11713
11717
11719
11722
11724
11726
11727
11728
11732
11739
11740
11744
11745
11750
11751
11752
11753
11754
11758
11760
11762
11765
11771
11772
11775
11779
11780
11781
11786
11789
11791
11795
11797
11802
11804
11805
11810
11811
11812
11815
11817
11818
11819
11820
11822
11825
11828
11829
11831
11833
11835
11836
11837
11840
11842
11843
11844
11846
11847
11848
11849
11850
11854
11858
11859
11860
11861
11863
11864
11865
11866
11872
11875
11880
11881
11882
11884
11886
11887
11888
11890
11891
11899
11900
11901
11903
11904
11905
11906
11907
11908
11909
11910
11911
11912
11914
11915
11917
11918
11922
11924
11925
11926
11931
11935
11937
11938
11940
11944
11949
11955
11958
11961
11965
11967
11969
11975
11977
11979
11980
11982
11983
11985
11987
11993
11994
11995
11999
12001
12002
12003
12008
12009
12010
12011
12014
12015
12016
12017
12023
12026
12028
12029
12031
12032
12034
12035
12036
12037
12044
12047
12048
12049
12051
12052
12054
12056
12060
12061
12065
12067
12071
12072
12074
12075
12077
12079
12080
12084
12085
12086
12088
12090
12091
12092
12096
12100
12101
12102
12103
12109
12110
12111
12115
12121
12124
12125
12126
12127
12128
12130
12132
12134
12135
12136
12137
12138
12139
12140
12145
12149
12155
12158
12159
12160
12161
12162
12163
12168
12169
12171
12172
12173
12180
12181
12182
12184
12186
12188
12191
12192
12195
12198
12201
12202
12206
12207
12211
12213
12215
12218
12221
12224
12226
12228
12232
12234
12236
12238
12240
12242
12243
12244
12246
12248
12255
12260
12261
12262
12263
12266
12274
12275
12277
12280
12283
12284
12285
12287
12290
12292
12293
12297
12298
12299
12300
12301
12303
12305
12307
12309
12311
12313
12315
12316
12317
12318
12322
12324
12325
12327
12329
12331
12334
12335
12336
12337
12338
12343
12344
12346
12347
12349
12352
12354
12355
12356
12359
12360
12365
12366
12368
12370
12371
12373
12376
12378
12381
12384
12389
12390
12392
12393
12397
12398
12399
12400
12401
12405
12406
12410
12411
12413
12416
12417
12423
12425
12426
12427
12428
12430
12435
12440
12443
12444
12446
12447
12450
12452
12453
12455
12456
12458
12459
12466
12470
12471
12473
12476
12478
12482
12484
12486
12487
12488
12490
12492
12493
12494
12497
12500
12501
12503
12505
12507
12508
12513
12514
12520
12523
12525
12527
12529
12530
12532
12533
12534
12538
12539
12540
12542
12545
12546
12549
12560
12567
12569
12570
12576
12580
12582
12583
12586
12587
12591
12592
12593
12600
12601
12605
12612
12617
12619
12620
12623
12626
12627
12633
12636
12639
12642
12645
12646
12652
12658
12660
12661
12662
12663
12667
12668
12669
12670
12671
12672
12673
12675
12676
12677
12678
12682
12683
12688
12689
12690
12693
12694
12696
12697
12704
12706
12714
12718
12719
12720
12721
12722
12726
12727
12730
12731
12732
12734
12738
12739
12740
12741
12742
12743
12745
12747
12748
12757
12758
12761
12763
12764
12766
12767
12769
12773
12774
12778
12781
12784
12785
12790
12791
12792
12793
12795
12798
12799
12800
12804
12810
12811
12812
12813
12816
12818
12822
12824
12826
12828
12830
12831
12832
12833
12834
12837
12838
12839
12840
12841
12842
12843
12846
12848
12851
12853
12860
12861
12862
12864
12866
12867
12868
12869
12870
12871
12872
12874
12875
12878
12879
12881
12884
12886
12890
12891
12892
12893
12894
12896
12900
12902
12904
12905
12906
12911
12912
12913
12916
12918
12919
12920
12925
12926
12931
12934
12937
12940
12942
12943
12944
12945
12948
12951
12953
12956
12958
12966
12967
12970
12972
12974
12975
12976
12986
12987
12988
12991
12993
12997
12998
12999
13004
13005
13006
13007
13008
13011
13013
13015
13017
13023
13029
13031
13033
13035
13039
13042
13043
13048
13050
13051
13052
13056
13058
13061
13062
13065
13072
13073
13074
13077
13080
13081
13082
13084
13087
13088
13090
13091
13094
13095
13097
13098
13100
13102
13103
13105
13107
13108
13115
13121
13123
13124
13125
13128
13129
13130
13135
13137
13139
13140
13141
13143
13144
13155
13162
13164
13170
13172
13175
13177
13180
13181
13182
13184
13186
13187
13190
13191
13192
13194
13195
13197
13198
13204
13205
13207
13211
13214
13216
13217
13218
13219
13227
13228
13229
13230
13232
13233
13244
13245
13246
13248
13251
13253
13254
13255
13258
13264
13269
13270
13273
13274
13276
13277
13279
13280
13281
13282
13285
13288
13289
13291
13292
13293
13296
13298
13300
13301
13302
13304
13307
13311
13313
13317
13318
13319
13321
13324
13327
13328
13329
13331
13336
13341
13342
13343
13345
13347
13352
13357
13358
13359
13361
13369
13370
13373
13374
13375
13378
13379
13380
13382
13383
13384
13388
13389
13391
13392
13393
13398
13402
13406
13408
13409
13410
13412
13413
13418
13419
13420
13423
13425
13433
13434
13436
13437
13439
13441
13442
13448
13450
13451
13457
13458
13459
13462
13463
13465
13466
13468
13469
13471
13474
13476
13477
13481
13483
13485
13486
13487
13488
13490
13493
13495
13496
13499
13500
13501
13504
13506
13507
13511
13512
13513
13517
13518
13519
13523
13524
13526
13528
13529
13532
13534
13535
13542
13543
13546
13547
13551
13555
13556
13557
13559
13561
13565
13566
13567
13570
13572
13577
13579
13580
13581
13582
13584
13586
13588
13593
13594
13595
13596
13599
13600
13602
13603
13605
13608
13610
13612
13613
13614
13615
13617
13620
13622
13624
13625
13628
13629
13630
13634
13636
13638
13641
13645
13648
13650
13651
13656
13658
13659
13660
13662
13663
13669
13672
13673
13674
13675
13683
13684
13687
13688
13691
13695
13699
13701
13702
13703
13705
13707
13710
13711
13712
13714
13717
13723
13725
13726
13728
13729
13736
13738
13742
13743
13744
13748
13750
13754
13757
13763
13765
13767
13771
13772
13774
13775
13780
13782
13783
13784
13785
13787
13788
13790
13791
13795
13796
13798
13801
13802
13805
13806
13808
13809
13810
13813
13818
13819
13820
13825
13827
13829
13832
13835
13836
13838
13840
13841
13842
13845
13847
13848
13851
13852
13853
13855
13856
13860
13863
13864
13865
13869
13871
13873
13874
13877
13878
13881
13883
13886
13887
13888
13892
13893
13895
13896
13897
13899
13901
13904
13905
13908
13914
13916
13922
13923
13927
13930
13934
13938
13941
13942
13948
13951
13955
13957
13958
13959
13960
13963
13964
13967
13974
13977
13978
13979
13981
13983
13990
13995
13996
13997
14003
14005
14006
14008
14009
14010
14013
14016
14017
14018
14020
14021
14023
14027
14029
14031
14034
14039
14040
14042
14044
14045
14047
14048
14050
14052
14053
14056
14057
14058
14060
14061
14065
14066
14067
14070
14071
14072
14073
14074
14075
14079
14080
14082
14086
14087
14088
14091
14095
14096
14103
14105
14106
14109
14111
14112
14113
14115
14118
14119
14121
14126
14131
14134
14135
14137
14144
14146
14147
14149
14150
14151
14154
14155
14158
14160
14164
14165
14166
14167
14169
14173
14175
14176
14177
14179
14182
14183
14184
14185
14187
14188
14189
14192
14193
14194
14195
14198
14199
14200
14203
14206
14209
14210
14212
14214
14215
14216
14217
14218
14219
14222
14225
14227
14229
14231
14233
14235
14237
14238
14239
14240
14241
14242
14243
14245
14247
14248
14250
14253
14254
14255
14256
14258
14259
14262
14263
14264
14265
14269
14271
14272
14274
14275
14276
14277
14278
14280
14283
14289
14293
14296
14298
14299
14301
14302
14312
14313
14315
14317
14318
14320
14322
14323
14325
14326
14327
14328
14330
14334
14335
14339
14342
14344
14346
14351
14355
14356
14358
14359
14363
14364
14365
14367
14370
14376
14377
14381
14382
14383
14385
14387
14391
14393
14395
14397
14402
14403
14404
14407
14408
14410
14412
14413
14417
14419
14424
14425
14427
14428
14429
14430
14431
14432
14434
14436
14439
14443
14446
14452
14453
14454
14456
14457
14458
14459
14461
14464
14465
14466
14467
14468
14472
14473
14475
14476
14477
14479
14480
14482
14483
14484
14485
14487
14491
14496
14500
14501
14503
14504
14505
14506
14507
14510
14511
14512
14513
14515
14519
14520
14525
14526
14527
14528
14531
14533
14537
14538
14540
14541
14542
14545
14550
14552
14554
14556
14557
14560
14564
14567
14568
14569
14571
14574
14576
14577
14579
14582
14583
14584
14587
14588
14590
14593
14598
14601
14602
14603
14605
14606
14607
14613
14618
14619
14621
14624
14631
14634
14636
14639
14642
14643
14644
14646
14648
14651
14652
14653
14654
14656
14659
14660
14661
14663
14664
14667
14670
14671
14679
14685
14691
14694
14698
14702
14704
14706
14709
14712
14716
14717
14718
14723
14725
14727
14729
14731
14733
14734
14735
14737
14738
14742
14745
14747
14748
14751
14752
14753
14754
14755
14757
14759
14760
14764
14766
14768
14771
14772
14776
14777
14779
14780
14781
14782
14786
14788
14791
14795
14796
14799
14801
14802
14804
14806
14807
14808
14809
14810
14812
14815
14820
14821
14822
14823
14825
14827
14828
14829
14833
14835
14842
14843
14847
14852
14855
14856
14858
14859
14860
14862
14865
14868
14869
14870
14873
14877
14878
14881
14882
14883
14884
14885
14886
14889
14890
14894
14897
14898
14899
14904
14905
14909
14911
14916
14918
14919
14924
14925
14926
14928
14931
14933
14935
14936
14937
14940
14943
14947
14949
14951
14952
14953
14954
14955
14958
14959
14960
14961
14963
14965
14968
14969
14970
14971
14972
14973
14976
14977
14978
14981
14982
14983
14989
14990
14994
14996
14997
14999
15001
15007
15010
15013
15014
15015
15026
15029
15031
15033
15034
15035
15036
15037
15039
15043
15045
15046
15048
15055
15057
15058
15062
15063
15064
15066
15070
15071
15073
15074
15075
15078
15080
15084
15091
15093
15099
15101
15104
15105
15107
15109
15110
15114
15115
15116
15117
15122
15124
15125
15128
15129
15130
15132
15134
15137
15143
15151
15152
15153
15155
15156
15158
15160
15163
15164
15168
15170
15171
15176
15177
15181
15182
15183
15184
15186
15193
15198
15200
15201
15204
15205
15206
15209
15211
15216
15218
15219
15220
15221
15223
15224
15229
15233
15234
15237
15243
15244
15246
15250
15253
15255
15256
15257
15258
15263
15264
15265
15267
15269
15272
15276
15277
15279
15281
15282
15283
15285
15286
15294
15296
15297
15300
15304
15305
15307
15309
15311
15315
15316
15317
15321
15322
15327
15329
15333
15334
15335
15336
15339
15342
15343
15345
15347
15351
15353
15360
15361
15362
15363
15365
15366
15367
15372
15373
15374
15375
15376
15377
15378
15381
15382
15383
15384
15385
15386
15387
15388
15389
15392
15393
15394
15396
15397
15398
15402
15404
15409
15410
15411
15415
15416
15418
15419
15420
15421
15422
15424
15425
15429
15430
15431
15435
15436
15437
15440
15443
15444
15445
15447
15449
15450
15451
15455
15457
15459
15460
15465
15471
15472
15473
15474
15475
15476
15477
15480
15481
15482
15483
15484
15485
15486
15492
15496
15500
15502
15504
15509
15513
15515
15516
15527
15529
15530
15531
15532
15533
15534
15539
15540
15542
15544
15545
15548
15549
15550
15552
15553
15554
15555
15557
15562
15563
15565
15566
15568
15569
15570
15575
15576
15578
15582
15590
15592
15594
15595
15597
15601
15609
15613
15616
15619
15626
15627
15628
15631
15633
15634
15643
15646
15647
15657
15659
15662
15666
15671
15672
15674
15676
15677
15684
15689
15694
15695
15696
15699
15700
15701
15702
15708
15710
15712
15714
15715
15716
15717
15720
15722
15724
15726
15727
15729
15730
15731
15732
15733
15735
15736
15739
15741
15745
15746
15747
15748
15750
15751
15752
15753
15755
15757
15758
15764
15765
15766
15768
15769
15772
15773
15774
15777
15784
15786
15787
15788
15790
15792
15794
15796
15797
15798
15800
15802
15803
15807
15808
15813
15814
15815
15816
15817
15818
15820
15821
15824
15825
15827
15829
15831
15836
15840
15841
15843
15844
15846
15848
15852
15853
15855
15857
15858
15861
15862
15864
15865
15868
15871
15872
15875
15876
15877
15881
15885
15887
15890
15891
15892
15893
15894
15898
15900
15901
15902
15909
15911
15917
15919
15922
15923
15924
15928
15929
15932
15934
15939
15940
15945
15947
15949
15952
15953
15954
15955
15956
15957
15958
15962
15963
15965
15966
15967
15968
15969
15970
15972
15973
15974
15975
15976
15979
15982
15985
15987
15988
15990
15991
15997
15999
16000
16002
16006
16008
16011
16016
16022
16023
16025
16030
16033
16034
16037
16039
16041
16047
16049
16050
16052
16062
16063
16068
16069
16070
16071
16074
16075
16078
16082
16083
16086
16087
16092
16096
16100
16103
16106
16107
16113
16114
16115
16118
16120
16125
16127
16128
16133
16139
16143
16144
16145
16146
16147
16148
16149
16150
16153
16158
16162
16163
16165
16169
16171
16172
16174
16175
16176
16181
16182
16183
16184
16185
16186
16191
16192
16193
16197
16199
16201
16203
16207
16208
16209
16215
16218
16220
16222
16223
16226
16229
16232
16233
16236
16237
16240
16241
16242
16246
16253
16259
16260
16262
16264
16265
16267
16269
16271
16272
16278
16281
16283
16285
16286
16288
16291
16292
16293
16294
16297
16298
16302
16303
16306
16307
16311
16312
16313
16315
16317
16318
16320
16324
16325
16329
16336
16338
16339
16340
16341
16343
16344
16346
16348
16349
16350
16356
16357
16359
16361
16362
16363
16366
16368
16377
16378
16380
16384
16387
16388
16389
16390
16392
16394
16397
16399
16400
16401
16406
16412
16415
16419
16420
16424
16425
16429
16431
16432
16434
16436
16438
16439
16440
16441
16444
16445
16446
16448
16449
16450
16452
16453
16455
16458
16459
16460
16461
16463
16464
16465
16468
16469
16470
16471
16475
16476
16479
16490
16491
16492
16495
16496
16497
16499
16500
16506
16514
16515
16516
16522
16523
16524
16525
16528
16531
16532
16533
16534
16535
16536
16537
16538
16544
16545
16547
16548
16552
16558
16559
16563
16564
16565
16567
16569
16571
16572
16580
16587
16588
16593
16596
16599
16603
16604
16605
16606
16607
16615
16616
16622
16624
16628
16629
16634
16635
16636
16640
16641
16643
16644
16649
16657
16658
16660
16663
16664
16666
16668
16670
16672
16687
16694
16695
16698
16700
16701
16702
16703
16707
16709
16710
16711
16713
16719
16721
16722
16724
16727
16729
16730
16731
16734
16739
16740
16742
16745
16751
16752
16754
16755
16756
16759
16760
16763
16764
16765
16767
16768
16770
16772
16775
16783
16784
16785
16786
16788
16790
16791
16792
16793
16794
16796
16798
16801
16803
16806
16807
16809
16810
16816
16817
16825
16828
16830
16833
16834
16836
16838
16840
16841
16847
16848
16851
16855
16856
16857
16858
16859
16860
16861
16862
16864
16865
16869
16871
16872
16874
16876
16879
16882
16883
16885
16886
16887
16889
16891
16892
16895
16901
16903
16905
16907
16908
16911
16912
16913
16917
16918
16920
16921
16922
16923
16926
16930
16931
16934
16936
16937
16938
16941
16942
16944
16946
16948
16952
16954
16956
16958
16959
16960
16967
16968
16969
16970
16973
16977
16978
16982
16983
16984
16986
16991
16992
16993
16994
16995
16997
17001
17002
17003
17004
17006
17008
17009
17010
17011
17012
17017
17018
17023
17027
17031
17033
17036
17039
17046
17047
17050
17052
17053
17054
17055
17056
17057
17058
17059
17062
17063
17064
17066
17069
17071
17074
17075
17077
17079
17081
17083
17085
17088
17095
17096
17097
17100
17104
17109
17110
17111
17112
17113
17123
17127
17129
17131
17133
17134
17135
17136
17146
17147
17149
17151
17152
17154
17157
17158
17162
17163
17164
17165
17167
17168
17169
17171
17173
17174
17175
17176
17177
17179
17180
17181
17184
17187
17188
17189
17190
17191
17195
17196
17198
17199
17200
17207
17210
17212
17215
17216
17219
17221
17225
17229
17235
17239
17241
17245
17247
17248
17249
17250
17251
17257
17259
17261
17263
17264
17265
17266
17270
17273
17275
17277
17279
17280
17281
17287
17292
17293
17294
17295
17298
17299
17301
17302
17303
17305
17307
17308
17309
17310
17311
17313
17315
17317
17319
17320
17321
17324
17328
17329
17330
17334
17335
17338
17339
17340
17341
17343
17344
17346
17349
17350
17355
17357
17358
17359
17361
17364
17369
17370
17378
17381
17385
17386
17387
17393
17395
17396
17397
17398
17399
17401
17402
17403
17404
17405
17408
17409
17411
17412
17418
17419
17420
17423
17424
17426
17428
17431
17434
17435
17436
17437
17441
17443
17449
17452
17453
17454
17455
17459
17467
17468
17469
17471
17472
17474
17475
17476
17478
17479
17480
17481
17482
17485
17486
17490
17491
17494
17495
17498
17499
17502
17503
17506
17508
17509
17511
17513
17524
17525
17526
17527
17529
17531
17532
17533
17535
17536
17537
17538
17539
17540
17541
17543
17546
17547
17549
17554
17555
17557
17558
17559
17560
17562
17563
17565
17570
17573
17574
17575
17578
17580
17586
17587
17589
17591
17594
17596
17598
17600
17601
17603
17605
17607
17612
17613
17614
17617
17621
17622
17624
17625
17627
17628
17631
17632
17635
17638
17641
17642
17648
17649
17654
17661
17662
17666
17670
17671
17672
17674
17680
17681
17682
17684
17687
17692
17696
17697
17699
17703
17704
17707
17708
17709
17711
17714
17715
17716
17717
17722
17723
17724
17725
17726
17730
17732
17741
17742
17751
17754
17756
17758
17761
17762
17763
17764
17766
17767
17770
